3100250523
3101591852
3101655186
3102779826
3103366654
3106270707
3107036410
3107128813
3109699050
3113233147
3114235661
3114542533
3114676941
3116828699
3118071621
3119296472
3120053183
3120931931
3121948704
3122154210
3123740717
3123801032
3124150226
3124595386
3125433753
3125755059
3127726872
3130900587
3132079938
3132243216
3132486568
3132757917
3132779267
3133875893
3135497038
3135744640
3135958253
3138068014
3138288172
3141572912
3141947905
3142076356
3142686725
3142899083
3142917109
3145720761
3147906780
3148803957
3149900583
3200770298
3201409497
3202994387
3203028986
3203189475
3203690797
3204027570
3204501810
3204941928
3205358048
3206003576
3206629288
3208564269
3208836700
3209362003
3209769579
3209807749
3210712447
3213121228
3214276258
3214824990
3217433241
3217617112
3218539737
3218624921
3220222635
3221733639
3221746588
3222114406
3222644389
3223047049
3225523301
3225834990
3226477158
3226701029
3227087279
3227102142
3227317803
3227387926
3228657604
3229000646
3230510355
3231786864
3232815420
3232938771
3235429833
3235468873
3235628786
3237609757
3238012733
3238975916
